3915 2547 3211 4770 2974 1839 555 571 4753 4554 2244 3142 2661 440 556 4095 3386 5205 2 3230 1356 277 415 2654 1987 907 2919 357 2106 3868 3058 4410 1729 4736 3534 3510 292 1230 3084 4754 1902 2899 2502 4726 4900 4060 3689 1661 1389 2684 698
4028 2114 3372 3979 3669 444 2286 1124 5207 3448 1887 5067 2849 748 965 484 4589 4575 4828 3505 3076 3267 1239 3259 2565 2339 4486 1042 5004 266 3199 170 1431 312 2305 813 2074 4525 3381 456 2679 3913 5088 1802 1691 3434 1067 3272 2172 2433 4192
96 566 3129 4860 5183 5249 552 5118 3181 1991 2800 30 3073 1793 4415 4483 3036 1513 2108 394 294 74 773 4060 2673 430 2785 4095 3013 1829 3393 2222 302 757 1447 3038 2049 4940 330 1608 4727 445 80 3088 5217 1689 1215 3360 3515 756 4734
1790 1863 5077 231 4048 4681 3571 819 3056 283 1975 4478 5240 5072 3364 3691 2604 4355 3918 742 2635 4936 3205 5069 1767 4033 4381 3670 867 115 3950 951 1993 4326 3474 4978 4477 4436 1346 4636 5251 1204 1743 106 955 2914 2723 4564 3988 3677 4462
4626 2410 747 2695 3493 3595 3190 4639 3290 3470 3580 3644 4581 4585 5193 2072 620 4871 962 2350 3020 4255 413 4789 3482 4477 3005 1454 3330 4542 543 4662 5219 3583 5232 4251 2071 1248 1884 3026 4569 1 695 1872 2735 3066 991 5007 3416 3683 4668
3387 4914 475 1289 2051 1364 2923 4666 4200 14 3195 4645 2090 686 55 5190 1142 4173 900 1648 1726 160 4571 2227 939 3434 1032 2573 197 2908 2217 2108 3417 481 278 4265 1701 3380 2994 3617 4599 3994 4284 1063 2614 5181 3689 2202 3943 784 4681
454 575 4956 5236 4969 5155 908 232 4606 3350 1890 339 642 2427 2154 4499 2558 1013 4382 5226 4010 3043 1546 2594 3801 4853 2859 680 1598 975 5015 4895 1263 5194 2460 4271 1169 3330 666 3257 4478 2824 4096 4355 2983 1884 4818 478 5108 4944 4601
1842 2724 2587 3795 1646 3037 844 5018 654 4835 3637 3142 1950 1552 4383 827 628 2277 418 1963 246 4643 1712 3662 3767 3255 2768 732 100 2959 387 3849 3889 3031 5197 4744 417 15 306 3305 927 170 5168 2359 3784 4606 2542 5240 4640 1127 687
356 3510 1215 3250 533 2028 4226 769 2558 4624 536 4903 4613 202 4819 2503 1678 743 3671 2453 343 4994 3123 4828 3578 895 4977 1390 632 4864 4079 4681 3764 1350 670 2917 1491 4042 4935 3595 5231 1476 839 153 142 4550 4255 2361 3787 3216 830
4976 3489 3927 3096 1722 5239 3926 3467 1985 4745 955 2447 4331 5019 2840 4007 4207 4994 2927 2672 3674 4006 2686 3442 2668 1517 1188 650 4053 3880 3608 3772 2780 3830 5121 2579 3707 4661 4548 4938 2063 4979 1533 2192 1816 2350 1546 2301 2134 3457 3503
2710 16 3265 3074 236 1991 4322 4434 1906 3485 1801 2775 2808 5111 2153 4575 3846 4068 2954 3380 1231 827 4552 4763 387 4994 5168 361 1305 941 4489 837 1450 4763 1091 2328 5133 4964 3517 3127 2363 3992 4082 197 4359 2150 2283 1742 4427 4165 2360
4009 3739 3398 2060 1430 2726 2773 2146 1911 1277 1500 2392 3879 4996 5126 1166 4929 3570 4837 3269 1327 1576 912 1429 710 958 1684 1876 730 3564 3889 1296 4930 392 2929 561 2683 5143 2290 717 4493 3697 4520 2101 538 2520 380 1354 4058 5045 75
2262 3713 3104 3900 50 729 4980 35 4285 2602 1957 2816 2001 158 4008 1036 1424 1510 2832 4739 3724 908 1529 205 2546 2019 1074 2192 2098 1666 2428 2663 3016 4967 2538 2158 4220 4779 1472 1627 3556 2157 2401 972 3875 4980 5121 945 724 3006 2557
2419 1817 1017 3128 5019 3965 2683 4046 2863 1322 3682 5082 3007 2662 3847 3016 3119 3616 2262 3828 4681 3884 2202 4947 489 3085 429 1608 4274 2520 3690 605 3626 3299 4225 616 4170 4840 1118 719 4503 3754 4223 1270 2031 1210 3054 3756 4250 4095 3991
4392 2716 2341 418 2812 2723 2444 1963 3202 4122 604 48 2061 3710 1858 3740 1904 2021 1719 593 4802 4485 772 2787 4844 1762 1010 3201 996 5126 4961 1121 228 3824 1289 1882 1666 1229 2311 3316 3265 3610 1985 1886 1757 1517 3333 3319 5 2833 1172
1931 2636 4595 918 257 3935 1317 4815 3847 1297 3860 3069 3236 7 3599 2310 2490 2635 2915 2678 3797 1683 976 3547 622 955 2897 4146 4987 2993 3892 3794 1522 4087 1500 1907 2165 562 2542 4993 156 4416 2339 1499 4407 4259 943 1343 2247 166 3104
2016 1771 3490 5084 2801 2639 3719 3979 2992 3880 3810 308 274 2963 3288 2156 2516 1632 4853 2728 488 2794 2117 579 4277 737 2353 4854 749 324 3925 3704 683 4221 5044 4582 4735 2269 1876 5248 2233 1040 4346 43 1108 1733 4810 1519 1991 4779 802
5105 4564 2594 3521 1139 4897 2356 1947 3863 521 1525 2392 754 2133 242 3619 1536 5160 3033 5162 907 3647 1472 2755 99 2918 5232 4968 5039 2643 831 3269 1319 2449 77 1860 3128 4366 3846 4549 1479 4333 4482 4152 2347 1937 3330 5152 1390 360 1427
4569 3445 4787 1987 4233 1359 1735 5210 4669 3987 4652 1295 4620 1002 4413 709 4923 1882 5052 2078 1321 407 2508 1225 1587 433 1324 2691 3545 2373 3943 2335 5122 4594 4404 4716 3085 1578 4076 4340 5019 4314 4081 1795 668 4544 2624 4521 4361 1813 1783
2759 5194 959 297 136 2532 3164 770 3456 2238 657 363 521 3967 1781 3082 2129 440 526 440 1709 1378 2832 2907 4573 4181 609 4061 1955 2875 3134 4431 3723 264 10 3341 1724 1652 4719 5023 2999 890 4067 2294 955 227 4713 671 5224 4699 1370
809 2016 1585 3908 2683 3053 4281 3291 2996 4288 4607 1648 34 3889 2467 5065 3246 1297 1860 1037 1419 437 2249 1922 416 1953 2048 1002 1309 1530 3893 1726 4190 3460 557 1593 4966 3308 3190 4426 2092 2008 2451 701 895 1891 4460 3341 3413 3048 2290
1497 1291 1792 1825 5216 146 4761 3123 1585 1799 328 714 1765 3269 4835 258 700 3599 3391 2712 3889 3502 1184 2303 1788 5124 1734 1699 4777 1049 2639 2933 4437 3473 5015 929 4005 2265 2044 241 225 1138 1434 4691 2242 545 763 4619 4479 5089 1126
1467 2436 364 4179 4249 4103 1736 1578 41 1034 5246 2707 4673 3485 4679 2354 1768 3575 4096 4130 4977 818 1906 4931 1282 5071 1930 2064 434 2506 3526 424 2698 604 1052 4492 2937 4352 1227 4488 1470 4631 2227 2079 4177 550 1884 806 3029 1129 2814
509 4681 1873 2779 3542 5249 2414 5046 4636 4279 1946 314 1884 1211 5136 2242 2990 1755 3685 1839 577 1840 784 3084 1608 22 4339 2984 5008 1967 3258 4922 2364 1663 1638 3003 378 1858 5156 4345 1379 5166 1472 495 3568 4908 2767 3341 2074 2501 3496
434 787 1929 2155 4438 1298 5164 1964 4727 1419 4165 287 854 3882 1320 5097 4823 1440 4218 2488 2185 5025 1725 2693 2359 836 688 3884 2533 2081 1952 1173 4755 3679 4635 4186 4538 1905 2003 222 3784 1617 1153 3132 453 2968 1940 1986 2101 2211 2917
1932 2310 4940 4563 2900 1192 1994 1638 1384 780 943 4240 3850 2750 1679 2607 5087 4033 4732 684 414 71 2158 754 3387 2335 4852 5083 3761 4688 195 2182 717 4404 1892 3565 3354 5135 3533 2642 960 4090 5064 3165 1597 1905 2406 677 719 3746 447
3086 3357 1816 2208 4640 3613 1847 2987 1054 2970 4624 851 2219 194 1632 2335 1933 4935 5074 4501 4584 2813 3949 4151 2038 3585 1747 138 5182 5218 3290 4072 1376 4068 4208 954 4910 3547 2759 4438 4541 20 4783 4197 820 974 482 1899 4812 3158 5
1267 4749 1812 2901 1080 3777 173 2770 694 1965 307 455 3395 5114 3603 2904 1464 3514 4014 1266 3352 4295 3061 168 1838 4872 2321 1369 4743 2104 5182 3955 4910 1325 2738 0 408 661 3536 2673 4975 2008 59 1542 4594 1843 1117 279 3552 3443 3876
3972 2398 3662 4255 3600 4092 3156 1257 2520 4235 2541 1007 2278 1738 3245 670 1667 1039 3623 2947 5019 226 3828 3004 3376 4784 2235 2253 4644 2489 1077 3883 4887 3202 971 480 442 1674 687 3253 2546 2269 3666 1331 4893 1707 130 4338 2176 1942 3085
3676 3608 1727 2346 2338 906 3986 194 1143 1079 5225 5000 990 863 2414 1574 2145 2415 4553 4451 1482 2087 2675 3547 2903 4446 3762 1748 1992 3914 1298 1609 2487 2990 1049 5210 2259 2086 510 5211 1261 3425 2025 3614 4782 4284 3324 4417 1100 2864 1624
3793 2850 5021 1065 2469 3010 4196 2299 695 1369 2800 3002 2593 64 3042 1212 3353 4953 1798 1519 521 1875 3653 5245 4912 3037 5065 2127 404 2172 1065 3798 3011 4883 2388 429 4814 1185 2583 2600 4648 176 741 2230 4582 259 4245 636 4642 2015 2639
4940 59 4185 3392 3969 1097 1957 3571 2595 3116 1183 3540 1209 1334 3749 1258 3177 4668 2063 4853 5035 5071 4609 826 332 2519 3955 994 4618 1649 4256 4331 4742 4323 2092 2324 2542 791 3536 1344 4668 4023 4813 3586 491 1167 1583 2428 2956 4790 1825
2205 4099 5008 2310 3311 1779 2600 1632 1990 1448 1692 3778 2084 944 1871 1392 3188 126 500 4344 1430 3162 4528 756 2096 2944 4865 3005 3382 2874 1400 3401 926 444 413 5187 3869 2243 52 1520 1900 3541 144 2233 3921 5075 2986 1129 3419 2318 3667
3391 1797 1472 2991 3602 3771 2941 3156 2232 750 20 1824 295 3413 2537 1628 742 3078 878 3099 3610 4038 4559 5171 2543 3278 2130 1671 4694 5205 608 2888 957 4411 2696 3625 1335 2234 755 1920 1227 1463 2329 2423 1348 2280 329 4799 283 3030 2673
1913 609 3589 1092 1242 3484 5034 663 917 1418 3867 294 4590 3458 3634 1991 3460 906 4247 3468 1581 3360 2251 1022 2599 2498 5245 4357 2329 2568 1911 111 176 4605 1857 2940 4479 3159 1338 710 3814 4946 1374 3604 617 4404 915 197 4319 1964 5208
4999 2982 979 2511 4304 3792 3582 3538 3752 1359 3684 2112 1008 4890 2890 2495 4326 3968 3615 167 3138 556 2009 1906 3055 4961 1235 2393 4196 403 267 4765 1671 4822 2650 2959 2637 5076 4734 2239 3608 3130 2059 3966 3662 2109 1008 2551 2345 2174 72
2391 1153 3317 2226 1201 4629 3676 5088 385 3420 4946 4009 1917 2205 4336 3255 5059 4967 3805 2596 243 4800 2091 4312 5195 3242 1414 3432 604 373 3956 3501 2728 4597 5199 802 2584 5019 3469 389 88 4182 739 5031 4783 501 2191 3528 3245 3465 3329
3347 2304 1678 190 4563 3527 985 262 1734 4358 2409 4691 2664 703 4559 1840 2906 2155 3895 2640 2340 3746 128 1757 3457 3025 1292 3355 473 4681 5210 3770 5001 5016 753 3087 1081 1339 765 2272 3843 1744 3351 4913 1967 1232 4773 3092 429 3533 4918
816 1323 3091 2605 1665 1065 5150 153 3464 1859 3137 2586 5131 1340 3132 3653 2923 307 2431 3062 2420 757 2008 3642 3689 2593 3670 3823 4188 3038 2807 4264 3052 1733 2852 4318 4980 300 4363 1256 2049 1076 4721 431 1244 1615 310 4113 4369 1852 2181
4259 1761 4409 1263 2402 5239 4501 3501 5222 1605 455 919 2359 2067 4028 3030 643 984 5002 1734 1729 3611 250 3868 1797 663 2576 2566 3462 332 4173 3361 2399 2592 4363 4783 4058 799 811 1309 717 3127 4204 2336 2887 1431 441 4086 3067 2422 617
980 186 2439 3901 219 2634 3509 171 1708 840 2745 4015 4884 1242 1648 2575 1745 292 5157 2904 2551 3852 483 3764 3343 203 2414 2773 1513 2757 2513 2487 542 4320 444 5096 81 2428 2042 3114 684 3363 5215 3523 1548 5072 2648 2311 2856 2422 2267
1389 2525 1517 4125 3176 2814 3151 462 3438 734 4139 63 1923 3465 647 1133 4748 3110 1688 1839 1252 899 3490 4875 3973 4171 1472 1929 1280 4542 3128 2987 1670 1518 1409 4972 3967 4376 731 3375 3211 1722 523 1398 1731 3681 2443 2687 1849 2647 3967
4314 4063 1196 4264 1609 5238 2052 4217 4337 4285 4820 1374 1101 4848 2610 1857 4885 5171 3823 848 4947 2220 1762 4261 3462 712 4896 421 3093 138 2859 969 4030 2480 902 4094 4585 3707 4356 4463 4696 516 1654 3843 1709 236 2640 2092 4737 519 2520
526 122 2728 816 3585 567 706 1836 4491 2502 307 3979 3360 4997 4879 4105 1048 3043 208 3037 4966 154 270 3761 1042 2248 4105 3984 508 249 3291 29 3830 1835 3474 3427 2457 1840 3924 2114 2782 4279 4701 3156 3269 3088 1429 4589 4692 1035 759
4831 3293 893 1858 2698 2630 858 1840 5 4730 4003 3780 4776 4596 578 2219 865 2137 1273 3220 1652 3546 5209 4775 1948 3115 441 1328 3136 976 4486 4697 3939 3287 4970 4473 933 3063 185 874 2314 3928 4455 727 2478 2819 699 965 1197 1153 2999
2837 1 306 3222 261 871 186 2271 558 1523 1823 4734 3623 981 3491 4427 1297 889 1253 1060 4685 646 4703 924 5008 1567 607 2832 2145 505 4917 563 4780 5091 1970 4278 1698 4604 4368 1836 485 3560 2405 3540 425 4635 1705 3750 4864 1564 5143
1022 3734 3266 139 3228 2944 71 3177 1973 1724 4140 208 2307 418 3766 1546 1385 3658 2566 3665 3002 4173 3001 3030 1994 4798 470 3405 1792 1043 5248 1386 665 1626 861 1497 279 361 4417 1252 508 3954 804 2969 3661 3035 2108 4665 2900 3087 937
3840 3802 1793 329 5066 4461 3471 4657 3192 4329 103 3824 258 737 3776 1911 5227 3517 4031 5014 2045 2977 4200 2170 1960 2193 3866 3717 4867 3598 3854 3096 2360 813 550 939 2667 242 4819 578 297 2182 4727 752 1078 280 3506 2102 1680 3491 4238
525 3609 2792 3320 248 2382 2211 72 2124 3861 73 4135 872 331 3367 5044 3827 4169 3366 2505 3284 2764 153 4096 4199 3458 97 4390 2170 4145 1285 4428 2745 3462 4597 3876 693 2249 4408 1837 2778 1051 5041 1048 4508 4244 710 2336 1899 657 3054
804 989 1255 4816 261 620 4594 3321 2823 4743 5035 3497 4711 1734 1578 35 4813 2232 2918 969 2571 3725 496 956 3210 1944 286 2044 248 4340 4702 400 2589 2694 3212 3407 4999 2520 617 5059 618 1185 941 4109 2155 1891 5249 2176 2280 5164 3420
5113 538 252 1659 4412 4241 5215 587 1427 2893 4916 4921 690 4934 5081 4450 1017 304 1000 3935 4017 2780 188 463 2374 2592 3599 3473 3736 3706 4817 436 2833 1501 2062 1834 5110 1686 2989 1712 2299 600 1584 5003 3246 3248 94 1593 4324 2616 4407
2999 1311 891 242 1500 4382 3995 4271 4793 2665 5167 4747 3121 102 689 3438 4052 2124 3564 1301 3997 1479 1206 2395 4740 1894 275 1331 4085 3167 2235 3095 152 4566 4606 4526 3739 3377 661 4110 1178 4590 1287 982 4894 3602 5203 5249 2699 3042 185
2193 1336 2934 4010 1510 4879 1387 1955 3695 580 1324 2816 135 674 4503 2363 1370 2443 4163 1144 4634 3403 2183 4412 3843 2353 4010 902 3691 4520 797 2805 4748 1333 5072 4514 1678 1515 3537 3662 1198 3791 4244 3558 3604 3120 169 2146 4682 4170 793
1894 1379 4865 4331 4049 4368 1090 1848 5052 692 1472 1018 273 3479 3814 598 4406 3689 2048 2360 2618 2295 4454 4790 3543 1907 4829 3642 5104 17 3966 512 1821 3120 1756 2003 2672 5202 4542 740 243 126 1550 86 4978 2625 2691 3832 3096 716 3804
3735 2083 2 54 3197 1146 3868 3159 1609 5000 603 3295 4358 3807 1641 5002 1328 4153 1577 1419 1697 4348 3752 338 3786 4283 2175 1406 380 2937 1902 980 1871 4466 1516 2257 4775 2528 4689 1016 885 2324 2663 96 1827 1119 5065 5127 2036 2820 1151
3957 1370 3365 690 4375 528 3530 4072 3235 2250 4710 2386 3262 3976 3147 841 3546 4842 1378 2528 959 4243 1875 2735 3465 1218 4425 430 1922 2884 1639 291 3269 4318 1579 2450 4034 4570 3657 1755 4414 3126 4036 3837 260 245 345 2386 4246 2655 4021
1255 4549 2652 2153 2477 1535 939 4565 2953 42 2056 332 4378 1252 846 3078 2623 3264 1043 2766 3396 2922 3615 4999 1838 1910 1371 2057 264 4675 5136 874 603 3621 1816 883 812 3820 788 4730 2942 2383 11 4535 743 1429 2674 280 4979 1587 1073
1334 5004 5068 2521 953 2556 1986 4844 2006 3192 4271 270 278 2127 2409 611 1344 4628 4957 228 1024 3410 1311 1925 1105 4861 1434 2897 2016 4262 2360 4935 3829 1840 685 4004 2955 2874 3341 2067 3706 3081 2219 4413 865 902 1498 1157 4095 1727 3629
1826 3174 4414 4321 871 2200 4744 1234 76 1752 428 876 3343 2333 3376 3313 3096 3762 853 1094 1584 5002 4189 1906 3188 2460 1448 665 2840 4343 94 4905 900 2586 405 1393 1092 1311 3739 2506 4998 323 1612 5162 370 1071 3326 762 1422 1565 3302
193 146 4859 2560 5217 3617 3920 3053 1514 802 4919 1946 2163 1487 4296 4341 2916 4153 5052 3292 1291 2566 476 3484 3425 4824 2509 3465 2573 4613 4176 1893 1741 1772 3060 1833 3329 3570 1533 2950 3455 2233 3258 146 314 1683 1936 3978 51 3722 3905
1579 3531 552 357 3554 1867 3162 1405 3052 54 2547 2451 2140 4254 1893 370 78 4289 3822 78 4010 3294 1123 1233 3796 2810 1623 609 2360 4745 4239 4612 2344 2871 3651 2995 568 4024 969 3724 4978 1530 172 2396 4553 3519 350 5178 1711 4780 1540
4228 4363 4353 1704 1434 2388 1154 2530 2247 1038 892 4066 3714 3206 4415 4191 2493 538 1023 1839 942 4733 3338 5078 2302 5141 2256 4802 3428 4587 2541 5180 4546 5127 4335 2843 1110 3441 3361 1248 4528 3078 4224 2223 776 4256 170 5006 2347 4884 853
2686 1434 4577 4218 1791 332 3522 2048 5081 3071 1546 3942 4525 1751 3502 1857 4655 3418 2506 1534 2552 1181 91 4467 1398 607 646 2081 11 2912 674 1955 3247 3517 1480 736 3494 2534 2880 4512 4695 1135 3589 3630 1567 4753 3507 308 4041 2775 2987
2445 5230 516 4756 5093 4972 2417 1726 4326 4238 1120 406 4222 4202 2686 2169 4108 4222 1349 3000 803 3333 4160 3105 2205 2380 2199 2918 4918 4727 3145 4564 4623 1405 3151 5216 1819 2157 1083 1073 1426 38 3681 3894 2503 499 3653 4432 4523 1279 754
